[5, 5, 5, 5]
all 0.12470389 0.12549351
popular_next 0.12484735 0.12525442
unpopular_next 0.12569219 0.12384635
[3, 5, 5, 5]
all 0.12466902 0.12555163
popular_next 0.12540428 0.12432621
unpopular_next 0.12564227 0.12392954
[5, 5, 15, 5]
all 0.12454328 0.1257612
popular_next 0.124997176 0.12500468
unpopular_next 0.1250324 0.12494601
[3, 5, 15, 5]
all 0.124965645 0.12505725
popular_next 0.12572654 0.123789094
unpopular_next 0.1262976 0.12283737
[5, 3, 5, 3]
all 0.12493851 0.12510246
popular_next 0.12515204 0.12474658
unpopular_next 0.12485489 0.12524185
[3, 3, 5, 3]
all 0.124679014 0.12553497
popular_next 0.12488297 0.12519506
unpopular_next 0.124494806 0.12584199
[5, 3, 15, 3]
all 0.12470984 0.1254836
popular_next 0.12512654 0.12478907
unpopular_next 0.12676091 0.122065134
[3, 3, 15, 3]
all 0.124763735 0.12539376
popular_next 0.124698475 0.12550253
unpopular_next 0.12860067 0.11899886
